Model                     1.0000000 
Dataset                   1.0000000 
Subsample                 1.0000000 
===================================
Posterior Mode            884.89337 +        2.6179939i 
Likelihood at Mode        920.17959 
Prior at Mode            -35.286224 +        2.6179939i 
 
Parameter | Estimate |  Start-V  | Prior Mean | Prior Stdd | Gradient
H        0.989749117994   0.5000   0.7000   0.1000   0.0000 
SIGMA_C  0.022910258326   1.0000   1.0000   0.3750  -0.0046 
SIGMA_L  3.987285351919   1.0000   2.0000   0.7500 -42.4657 
PHI      9.999429773826   4.0000   4.0000   1.5000   0.0000 
PHI0     1.223617404998   2.0000   0.7500   0.1500   0.2465 
PSI      0.726392546211   0.1500   0.7500   0.1500   1.1078 
GAM_P    0.678285919690   0.3000   0.2000   0.0750  -0.0169 
GAM_W    0.753355771906   0.7000   1.4500   0.2500   0.0003 
XI_P     0.759613550929   0.8800   0.7500   0.0500   0.0106 
XI_W     0.737241504240   0.6200   0.7500   0.0500  -0.0098 
RHO_M    0.717229027096   0.8000   0.8000   0.1000   0.0093 
MU_PI    1.484312446246   1.7000   1.7000   0.1000  -0.0230 
MU_Y     0.132201462009   0.1200   0.1250   0.0500   0.0590 
RHO_Z    0.853392672039   0.6000   0.8500   0.1000  -0.0006 
RHO_C    0.780664351645   0.5000   0.8500   0.1000  -0.0004 
RHO_G    0.949837295414   0.9000   0.8500   0.1000   0.0000 
RHO_L    0.949346748055   0.9000   0.8500   0.1000   0.0000 
RHO_I    0.915873059268   0.7500   0.8500   0.1000  -0.0001 
E_C      0.626459796057   2.0000   0.2000   2.0000   0.0090 
E_INV    0.079323220924   1.8000   0.1000   2.0000  -0.0001 
E_Q      0.167312954528   6.0000   0.4000   2.0000   0.0003 
E_L      0.341248487345   1.0000   0.4000   2.0000  -0.0022 
E_W      0.122399168868  10.0000   0.1500   2.0000  -0.0005 
E_Z      1.119892617796   1.0000   1.0000   2.0000   0.0072 
E_P      0.567401165299  10.0000   0.2500   2.0000  -0.0026 
E_G      2.316802278895   1.0000   0.3000   2.0000   0.0088 
E_M      0.121146362393   0.2000   0.1000   2.0000  -0.0008 


Raw Residuals
-------------
Mean:   0.00094672025     -0.018032618     0.0040639828     0.0019775043 
  -0.00083565376     0.0031622737     -0.022229095 
Stdd:      0.21595060       0.93508718       0.22020889       0.11309991 
      0.17578181       0.47512931        1.2534204 
Skew:      0.28592503      -0.10279220       0.10576378       0.27296953 
    -0.098050239     -0.059681593     -0.056141228 
Kurt:      0.94389066        1.0528703        1.0590518        1.1053569 
      0.81182506        1.0712918        1.0683473 
Corr:      0.42610750       0.18243659       0.18418719       0.57893219 
      0.24062654       0.32594354       0.10626084 

Standardized Residuals
----------------------
Mean:    0.0039160697     -0.017887594      0.017647155     0.0074622167 
   -0.0025698318     0.0067311106     -0.014597895 
Stdd:      0.73515121       0.92896683       0.95705740       0.53019623 
      0.86500156        1.0110274       0.82460693 
Skew:      0.29592128      -0.10273627       0.10570086       0.17592392 
    -0.092944667     -0.059686629     -0.056001332 
Kurt:      0.94062910        1.0528895        1.0590145       0.98613169 
      0.81318847        1.0712959        1.0683951 
Corr:      0.42682029       0.18245085       0.18420618       0.59490860 
      0.24231734       0.32594698       0.10625564 

